500
[2 0 0 0 0 0]
[0 2 0 0 0 0]
[0 0 0 0 0 0]
[0 0 0 0 0 0]
[0 0 0 0 8 0]
[0 0 0 0 0 0]
[0 0 0 0 0 0]
[0 0 32 0 0 0]
[1 0 0 0 0 0]
[0 0 0 0 0 0]
[0 0 0 0 32 0]
[0 0 0 0 2 0]
[0 0 8 0 0 0]
[0 0 0 0 0 0]
[0 0 2 0 0 0]
[0 0 0 4 0 0]
[0 0 0 0 0 0]
[0 0 0 0 0 0]
[0 8 0 0 0 0]
[1 0 0 0 0 0]
[0 4 0 0 0 0]
[0 0 0 0 0 0]
[0 4 32 0 0 0]
[0 2 0 0 0 0]
[0 4 0 0 0 0]
[16 0 0 0 0 0]
[0 0 0 4 0 0]
[33 0 0 0 0 0]
[0 0 0 0 0 0]
[2 0 0 0 0 0]
[0 0 0 1 0 0]
[0 1 0 0 0 0]
[0 0 32 0 0 8]
[0 0 1 0 0 0]
[0 0 0 8 0 0]
[16 0 0 0 0 0]
[0 8 0 0 0 0]
[0 0 0 0 0 0]
[0 0 4 0 0 16]
[0 0 0 2 0 0]
[0 0 0 0 32 0]
[0 0 2 0 0 0]
[0 0 0 0 0 1]
[0 0 0 0 0 1]
[0 0 0 0 0 4]
[0 1 0 0 0 0]
[8 0 0 0 0 0]
[0 0 1 2 0 0]
[0 32 0 0 0 0]
[0 0 0 8 0 0]
[0 16 2 0 0 0]
[0 0 0 0 1 0]
[0 0 0 0 0 0]
[0 0 0 0 0 0]
[0 0 0 0 8 0]
[16 0 0 0 0 0]
[0 0 0 0 4 4]
[16 0 0 0 0 0]
[0 0 0 0 0 32]
[0 0 0 0 8 0]
[0 0 0 2 0 0]
[0 0 0 0 4 0]
[0 0 0 0 0 4]
[0 8 0 0 0 0]
[0 0 2 0 0 0]
[0 2 0 0 4 0]
[0 0 0 32 0 0]
[0 8 0 0 0 0]
[0 0 16 0 0 0]
[0 0 0 0 16 0]
[0 4 0 0 0 0]
[4 0 8 0 0 0]
[0 0 32 0 0 0]
[0 0 0 0 10 0]
[16 0 0 0 0 0]
[1 0 0 0 0 0]
[0 16 0 0 0 0]
[0 0 0 0 16 0]
[0 0 0 0 2 0]
[16 0 0 0 0 0]
[32 0 0 0 0 0]
[0 0 0 16 0 0]
[0 0 0 0 16 0]
[0 0 0 8 0 0]
[0 0 1 0 0 0]
[0 0 0 32 0 0]
[0 0 0 0 0 18]
[0 0 8 0 0 0]
[0 0 0 0 0 2]
[0 0 0 0 0 0]
[2 4 0 0 0 0]
[0 0 0 0 0 0]
[0 0 1 0 0 1]
[0 0 0 0 0 0]
[0 0 8 0 0 0]
[1 0 0 0 0 0]
[0 0 0 0 0 0]
[0 0 0 0 0 0]
[0 0 0 0 0 16]
[0 0 0 0 16 0]
[1 0 0 0 0 0]
[2 0 0 0 0 0]
[0 0 16 0 0 0]
[0 8 0 0 0 0]
[0 0 0 16 0 0]
[0 0 0 0 0 0]
[0 0 0 0 0 16]
[0 0 0 0 0 0]
[0 0 8 0 0 0]
[0 0 0 4 0 0]
[0 0 0 16 0 0]
[0 0 0 0 1 0]
[0 0 0 0 0 0]
[0 0 8 0 0 0]
[0 0 0 0 16 0]
[0 2 0 4 0 0]
[0 1 0 0 0 0]
[16 4 0 0 0 0]
[0 0 0 8 0 0]
[0 0 0 8 0 0]
[0 0 0 0 0 1]
[0 0 16 0 0 0]
[0 0 0 0 0 1]
[0 0 0 0 0 0]
[0 0 0 0 32 0]
[0 0 4 0 0 0]
[0 0 32 0 0 0]
[0 0 0 0 0 32]
[0 0 0 0 4 0]
[16 0 0 0 0 0]
[0 0 0 0 0 32]
[1 0 0 0 0 0]
[0 0 4 0 0 0]
[0 0 0 0 16 0]
[0 0 0 0 2 0]
[0 0 17 0 0 0]
[0 0 0 0 0 0]
[0 0 2 0 0 0]
[0 0 0 0 0 4]
[0 2 0 0 0 0]
[1 0 0 0 0 0]
[16 0 0 0 0 0]
[0 2 0 0 0 0]
[0 0 0 0 16 0]
[1 0 0 0 0 0]
[0 0 1 0 0 0]
[16 0 0 0 0 0]
[0 4 0 0 0 0]
[0 0 0 0 2 0]
[0 0 0 0 0 16]
[0 0 0 0 8 0]
[0 0 0 0 0 2]
[8 0 0 0 0 0]
[0 0 0 0 0 0]
[0 0 16 0 0 0]
[4 0 0 0 0 0]
[0 1 0 0 0 0]
[0 0 0 2 8 0]
[0 0 8 0 0 0]
[0 0 0 16 0 0]
[0 0 0 0 0 0]
[0 0 0 0 0 2]
[0 0 16 0 0 0]
[0 0 0 8 0 0]
[0 0 0 16 0 0]
[0 0 0 0 0 1]
[0 0 4 4 0 0]
[8 0 0 0 0 0]
[0 4 0 0 0 0]
[0 0 0 0 0 2]
[0 4 0 0 0 32]
[0 0 0 0 0 0]
[0 2 0 0 0 0]
[0 4 0 0 0 0]
[0 32 0 0 0 0]
[0 0 0 0 0 4]
[0 0 0 0 0 16]
[0 8 0 0 0 0]
[0 0 0 8 0 0]
[0 0 0 2 0 0]
[0 0 0 0 32 0]
[16 0 0 0 0 0]
[0 0 0 4 0 0]
[0 0 16 0 0 0]
[0 0 0 32 0 0]
[0 0 8 0 0 0]
[0 0 8 0 0 0]
[0 2 0 0 4 0]
[4 0 0 0 0 0]
[0 0 0 0 0 2]
[0 0 0 0 0 16]
[0 0 0 0 1 0]
[0 16 0 0 0 0]
[8 0 0 0 0 0]
[0 0 0 16 0 0]
[0 1 0 0 0 0]
[0 0 0 0 0 0]
[0 16 0 0 0 0]
[0 8 0 0 0 0]
[0 0 0 0 0 0]
[0 0 0 32 16 0]
[0 0 16 0 0 0]
[0 0 0 0 0 4]
[0 0 0 8 0 0]
[2 0 0 0 0 0]
[0 0 0 8 0 0]
[0 0 16 0 0 0]
[0 0 4 0 0 0]
[0 0 0 0 16 0]
[0 0 4 0 0 0]
[8 0 0 0 0 0]
[0 0 8 0 0 0]
[0 0 1 0 0 0]
[0 0 0 8 0 0]
[0 0 0 0 0 8]
[0 0 0 0 0 2]
[0 0 0 0 0 0]
[0 0 0 1 0 0]
[0 0 8 0 0 0]
[0 1 0 0 0 0]
[0 2 0 8 0 0]
[0 8 0 0 0 0]
[0 0 0 1 0 32]
[0 0 4 0 0 0]
[0 0 0 0 16 4]
[0 0 2 0 0 0]
[0 0 32 0 0 0]
[0 0 0 0 4 0]
[0 0 0 0 0 0]
[0 0 0 0 0 32]
[0 0 0 0 0 2]
[0 0 0 8 0 0]
[0 0 0 0 0 8]
[0 0 0 32 8 0]
[0 0 16 0 0 0]
[2 0 0 0 0 0]
[16 0 0 0 0 0]
[0 0 8 0 0 0]
[0 0 0 0 33 0]
[0 0 0 0 0 0]
[0 0 0 1 4 0]
[4 0 0 0 0 0]
[1 0 0 0 0 0]
[0 8 0 0 0 0]
[2 0 0 0 0 0]
[0 4 0 0 0 0]
[0 0 4 0 0 0]
[0 16 0 0 0 0]
[0 0 4 0 0 0]
[0 16 0 0 0 0]
[0 1 0 0 0 0]
[8 0 0 0 0 0]
[0 8 0 0 0 0]
[0 0 0 0 0 32]
[0 0 4 0 0 0]
[0 0 16 0 0 0]
[8 0 0 0 0 0]
[0 0 0 4 0 0]
[0 0 0 0 1 0]
[2 0 0 0 0 0]
[0 0 0 0 0 32]
[4 0 0 0 0 0]
[0 0 0 0 0 4]
[0 0 0 4 0 0]
[0 0 0 0 0 2]
[4 0 0 32 0 0]
[32 0 0 0 0 0]
[0 0 0 0 8 0]
[6 0 0 0 0 0]
[0 0 0 8 0 0]
[0 0 0 1 0 0]
[32 0 0 0 0 0]
[0 0 0 0 4 0]
[0 8 0 0 0 0]
[0 2 0 0 0 0]
[2 0 0 0 0 0]
[0 0 0 0 0 0]
[0 0 0 0 0 4]
[0 0 0 0 0 0]
[0 0 32 0 0 0]
[0 0 0 8 0 0]
[0 0 0 0 0 16]
[0 32 0 0 0 0]
[0 0 0 0 32 0]
[0 0 0 0 0 16]
[0 1 2 0 0 0]
[0 4 0 0 0 0]
[0 0 0 4 0 0]
[0 0 0 4 0 0]
[0 0 0 0 0 1]
[0 0 0 0 4 0]
[0 0 8 0 0 32]
[1 0 4 0 0 0]
[0 8 0 0 0 0]
[16 0 0 0 0 0]
[0 16 0 0 0 0]
[0 0 0 32 0 0]
[0 0 0 0 0 0]
[0 0 16 0 0 0]
[0 1 0 0 0 0]
[16 0 1 0 0 0]
[16 0 0 0 0 0]
[0 32 0 0 0 0]
[1 0 0 0 0 0]
[0 0 0 2 0 0]
[0 0 0 0 1 0]
[0 0 0 32 2 0]
[0 0 0 0 0 16]
[0 0 2 0 0 0]
[0 8 0 0 0 0]
[16 0 0 2 0 0]
[0 0 0 0 0 0]
[0 2 0 0 0 0]
[0 1 0 0 0 0]
[0 0 1 0 0 0]
[0 0 32 0 0 0]
[0 0 0 0 1 0]
[0 0 8 0 0 0]
[0 0 32 0 0 0]
[1 0 0 0 0 0]
[4 0 0 0 0 0]
[1 0 0 0 0 0]
[0 0 4 0 0 0]
[0 0 0 0 2 0]
[0 0 2 0 0 0]
[0 0 0 0 0 0]
[0 1 0 0 0 0]
[4 0 0 0 0 0]
[0 0 0 16 0 0]
[0 4 0 0 0 0]
[0 0 8 0 0 0]
[8 0 0 0 32 0]
[0 8 0 0 0 0]
[0 4 0 0 0 0]
[0 0 0 0 0 0]
[0 0 0 0 24 0]
[0 0 0 0 0 1]
[0 0 0 32 0 0]
[0 0 0 0 8 0]
[0 0 2 0 0 0]
[0 8 0 0 0 0]
[0 0 0 4 0 0]
[0 2 0 16 0 0]
[0 0 0 0 2 0]
[0 0 4 0 0 0]
[1 0 0 0 0 0]
[0 0 0 8 0 32]
[0 0 0 0 0 0]
[0 0 0 0 0 0]
[0 0 0 1 0 0]
[0 0 0 8 0 0]
[0 0 0 0 0 0]
[0 0 0 1 0 0]
[0 0 0 0 0 2]
[0 0 0 0 32 0]
[1 0 0 0 0 0]
[0 8 0 0 0 0]
[0 0 0 0 0 1]
[0 0 0 0 0 0]
[0 1 0 16 0 0]
[0 0 0 0 0 0]
[0 32 0 0 0 0]
[0 0 8 0 0 0]
[0 0 0 0 4 0]
[0 1 0 0 0 0]
[0 0 0 4 0 0]
[1 0 0 0 0 0]
[0 0 0 0 4 0]
[0 32 0 0 0 0]
[0 0 0 0 0 16]
[4 0 0 0 0 0]
[1 0 0 0 0 0]
[4 0 0 0 0 0]
[16 0 0 0 0 0]
[4 0 0 0 1 0]
[0 0 0 0 0 16]
[0 0 16 0 0 0]
[0 8 0 0 0 0]
[0 8 0 0 0 0]
[0 0 0 0 0 0]
[0 1 0 0 0 0]
[0 0 0 0 0 16]
[0 1 0 0 0 0]
[0 0 0 0 0 16]
[0 0 0 0 0 32]
[0 0 4 0 0 0]
[0 8 0 0 0 0]
[0 8 0 0 0 0]
[0 0 0 0 4 4]
[0 0 0 0 16 0]
[16 0 0 0 0 4]
[0 0 32 0 0 0]
[0 8 0 32 0 0]
[0 0 0 0 0 0]
[0 0 16 0 0 0]
[0 0 0 0 0 0]
[0 0 0 0 1 0]
[0 1 0 0 0 0]
[1 0 0 0 0 0]
[0 0 0 0 0 32]
[0 2 0 0 0 0]
[0 16 2 0 0 0]
[0 0 0 0 0 8]
[0 0 0 0 8 0]
[4 0 0 0 0 0]
[0 0 0 8 0 0]
[0 0 0 0 0 16]
[0 1 0 4 0 0]
[0 0 8 0 0 0]
[0 8 0 0 0 0]
[0 0 0 0 0 4]
[4 0 0 0 0 0]
[0 0 16 0 0 0]
[0 0 0 0 2 0]
[0 1 0 0 0 0]
[8 0 0 0 0 0]
[0 0 8 0 0 0]
[0 0 10 0 0 0]
[0 32 0 0 0 0]
[0 2 0 0 0 0]
[0 0 0 0 0 4]
[0 4 0 0 0 0]
[0 16 0 0 0 32]
[0 8 0 0 0 0]
[0 0 0 0 32 0]
[0 0 8 0 0 0]
[0 0 0 0 0 16]
[0 0 0 4 0 0]
[0 1 0 0 0 0]
[4 0 0 0 0 0]
[1 0 0 0 0 0]
[0 2 0 0 0 0]
[0 0 4 0 0 0]
[0 0 0 0 32 0]
[0 0 0 0 8 0]
[0 0 0 0 0 4]
[16 0 0 0 0 0]
[0 0 0 1 0 0]
[0 0 0 0 0 2]
[0 0 0 1 0 0]
[0 32 0 0 0 0]
[0 0 0 0 0 0]
[0 0 0 0 0 0]
[0 16 0 0 0 0]
[8 0 0 0 0 0]
[0 0 0 0 8 0]
[0 0 4 0 0 0]
[32 0 0 2 0 0]
[0 0 0 0 0 0]
[0 0 0 2 0 0]
[0 4 0 0 0 0]
[0 8 0 0 0 0]
[32 0 0 0 0 0]
[2 0 0 0 0 0]
[0 0 16 0 0 0]
[0 0 0 0 8 0]
[0 0 0 0 2 0]
[0 4 0 0 0 0]
[0 0 16 0 0 0]
[0 8 0 0 0 0]
[0 4 0 0 0 0]
[0 0 0 0 0 32]
[0 16 0 0 0 0]
[0 1 0 0 0 0]
[0 0 0 32 0 0]
[0 0 0 0 32 0]
[0 0 0 0 0 8]
[0 0 0 0 0 4]
[2 0 0 0 0 0]
[0 0 0 0 0 8]
[16 0 0 0 0 0]
[0 0 1 0 0 0]
[0 0 0 0 2 0]
[0 2 0 0 0 0]
[32 0 0 0 0 0]
[0 0 0 0 8 0]
[0 0 0 4 0 0]
[0 32 0 0 0 4]
[0 32 0 0 0 0]
[32 0 0 0 0 0]
[0 32 0 0 0 0]
[0 0 32 0 0 0]
[0 4 0 0 16 0]
[0 32 0 0 0 0]
[0 0 0 0 0 8]
[4 0 0 0 0 0]
[0 0 0 0 0 16]
[0 0 0 0 32 0]
[0 8 0 0 0 0]
[0 0 0 0 0 16]
[0 0 0 0 4 0]
[8 0 0 0 0 0]
[0 0 0 0 0 0]
[0 0 0 0 0 0]
[0 0 0 0 32 0]
[0 0 0 8 0 0]
[0 16 0 0 0 0]
[0 0 0 32 0 0]
