200
[0 1 0 0 0 0]
[0 0 0 0 8 0]
[0 0 0 0 0 0]
[0 2 0 0 0 0]
[0 32 0 0 0 0]
[32 0 0 0 0 0]
[0 32 0 0 0 0]
[0 0 0 8 0 0]
[0 0 32 0 0 0]
[0 0 0 0 0 16]
[0 0 0 0 0 8]
[0 0 0 0 0 1]
[0 0 32 0 0 0]
[0 0 32 0 0 0]
[0 0 0 0 0 0]
[0 0 1 0 0 0]
[0 0 0 16 0 0]
[0 0 0 16 0 0]
[0 0 0 0 0 0]
[0 0 2 0 0 0]
[0 0 0 0 16 0]
[0 0 0 1 0 0]
[0 0 32 0 0 0]
[4 0 0 0 0 0]
[8 0 0 0 0 0]
[0 0 1 0 0 4]
[0 32 0 0 0 0]
[0 0 0 0 4 0]
[0 0 0 1 0 0]
[16 0 0 0 0 0]
[0 0 0 0 0 4]
[0 0 0 2 8 0]
[0 4 0 0 0 0]
[0 0 0 2 0 0]
[0 0 8 0 0 0]
[32 0 0 0 0 0]
[0 0 4 0 0 0]
[0 0 8 32 0 0]
[0 2 0 0 0 0]
[2 0 0 0 0 0]
[0 0 0 0 0 0]
[0 0 0 0 0 0]
[0 0 0 0 16 0]
[0 8 0 0 0 0]
[0 0 0 0 1 0]
[0 0 0 0 1 0]
[0 32 0 0 0 0]
[1 0 0 0 0 0]
[0 0 0 8 0 0]
[0 8 0 1 0 0]
[0 0 0 0 0 0]
[0 0 0 1 0 0]
[0 0 0 0 0 8]
[0 0 0 32 0 0]
[0 8 0 0 0 0]
[0 32 0 0 0 0]
[0 0 16 0 0 0]
[0 0 0 0 0 0]
[0 0 0 0 0 4]
[0 0 0 1 0 0]
[0 2 0 0 0 0]
[0 0 0 0 0 0]
[0 0 2 0 0 0]
[0 0 4 0 0 0]
[4 0 0 0 0 16]
[0 32 0 0 0 0]
[0 4 0 0 0 0]
[0 0 0 0 32 0]
[16 0 0 0 0 0]
[0 0 0 0 4 0]
[0 0 0 8 0 0]
[0 0 0 16 0 0]
[4 0 0 0 0 0]
[0 0 0 0 0 16]
[0 2 0 4 0 0]
[0 0 4 0 0 0]
[32 0 0 0 0 0]
[0 0 0 0 2 0]
[0 0 0 33 0 0]
[0 0 16 0 0 0]
[0 0 16 0 0 0]
[0 0 0 2 0 0]
[0 0 8 0 0 0]
[0 0 2 0 16 0]
[0 8 0 0 0 0]
[0 0 0 0 0 32]
[0 0 0 8 0 0]
[0 32 4 0 0 0]
[0 0 8 0 0 0]
[8 0 0 0 0 0]
[0 0 0 0 0 1]
[0 0 16 0 0 0]
[0 0 4 0 0 0]
[0 32 0 0 0 0]
[0 0 0 4 0 0]
[0 0 16 0 0 0]
[0 0 0 16 0 0]
[0 0 16 0 0 0]
[0 0 0 16 8 0]
[0 0 2 0 0 0]
[1 0 0 0 0 0]
[0 4 0 0 0 0]
[0 32 0 0 0 0]
[0 0 0 0 0 16]
[0 1 0 0 0 0]
[0 0 0 0 32 0]
[0 0 0 0 0 32]
[0 0 4 0 0 0]
[0 0 0 0 0 16]
[0 0 32 0 0 0]
[32 0 0 0 0 0]
[0 0 0 0 0 4]
[0 1 0 0 0 0]
[1 0 0 0 0 0]
[0 0 0 0 0 32]
[1 0 0 0 0 0]
[16 0 0 0 0 0]
[32 0 0 0 0 0]
[4 0 0 0 0 0]
[0 0 4 0 0 0]
[0 0 0 0 0 4]
[8 0 0 0 0 0]
[0 0 4 2 0 0]
[0 0 0 2 0 0]
[32 0 0 0 0 0]
[0 4 0 2 0 0]
[0 0 0 0 0 4]
[32 0 0 4 0 0]
[1 0 0 16 0 0]
[0 0 0 0 2 0]
[0 4 0 0 0 0]
[0 0 0 0 1 0]
[32 0 1 0 0 0]
[0 0 0 0 16 0]
[0 0 0 0 0 8]
[0 0 8 0 0 0]
[0 0 0 0 8 0]
[0 8 0 0 0 0]
[0 0 0 0 0 0]
[0 0 0 0 0 0]
[0 8 0 0 0 0]
[4 0 0 0 0 0]
[0 0 0 0 0 0]
[0 0 0 0 0 0]
[32 0 0 0 0 0]
[0 0 0 32 0 0]
[0 4 0 0 0 0]
[0 0 0 0 16 0]
[0 0 0 0 32 0]
[8 0 0 0 0 0]
[0 0 0 16 0 0]
[0 0 0 0 0 2]
[0 0 0 0 0 32]
[0 16 0 0 0 0]
[0 0 0 8 0 0]
[0 0 0 0 2 0]
[32 0 0 0 0 1]
[0 0 32 0 0 0]
[16 0 0 0 0 0]
[0 16 0 0 0 0]
[0 0 0 8 0 0]
[1 0 0 0 0 0]
[0 4 0 0 0 0]
[0 0 0 8 0 0]
[1 0 0 0 0 0]
[0 0 16 32 0 0]
[0 0 0 0 0 1]
[0 0 0 8 0 0]
[0 0 0 0 0 0]
[0 2 0 0 0 0]
[0 0 0 0 0 1]
[0 8 0 0 0 0]
[0 0 0 0 18 0]
[0 0 0 0 0 32]
[0 2 0 0 0 0]
[0 0 0 0 0 16]
[0 0 0 0 8 0]
[0 0 1 0 0 0]
[0 2 0 0 0 0]
[2 0 0 0 8 0]
[0 0 0 0 0 0]
[4 0 0 0 0 0]
[0 0 32 0 0 0]
[0 0 0 0 0 1]
[0 0 1 0 0 0]
[0 0 0 0 2 0]
[0 0 32 0 0 0]
[0 0 0 0 0 16]
[0 0 0 0 0 32]
[0 0 0 0 0 16]
[0 0 0 0 16 0]
[0 0 4 0 0 0]
[0 0 0 0 0 0]
[0 2 0 0 0 0]
[0 5 0 0 0 0]
